9
14.922274224600782
14.155446995593445
15.482988597479821
15.356485329489836
15.636824935861373
18.224147386848013
18.53739448141274
18.947543382531453
18.796502944241787
20.08072741180192
20.65172685464952
21.164596686847933
20.804130185485047
20.71712034394932
21.008418476684426
20.777646361038826
20.37147636313597
21.598049366402233
20.7708595236959
23.209245110302636
23.121710012202374
21.941731752577855
21.51306589230331
22.724776094384673
22.174478546267196
23.300656455620587
21.3298777805062
22.319973103828804
21.47682133488268
21.870675156568428
21.545786748696553
21.64131476847917
20.969233300376164
21.968984139283847
20.630162578468163
21.332346892047827
20.736132914511018
21.771379256685602
21.839930731131922
21.743260867414314
21.945171811237305
21.611217971937204
23.010072662103994
22.87762035346969
22.719886962580127
22.23414461172246
22.71249281598092
22.731986619237713
22.570931824118514
23.50813074967066
23.315895004152523
22.935192273957238
23.22182376344038
23.340396169113678
23.23330262050108
24.948706332880427
24.053671320646355
24.02006656146364
24.577928085060034
23.195311803409677
23.773912329533086
22.467791181269238
23.452882460723306
22.68385870311773
23.323259925910516
24.41290629585228
23.115090556632435
23.501993498561106
23.46462671252598
23.438590367660293
22.507901932114468
23.228340647717165
22.109024838338023
22.883431650327594
22.176796871271808
22.439177655238367
22.343362560219983
22.490852412419304
22.01916407789703
22.42408758248022
21.84252500078657
22.37370581446209
21.73700570023447
22.68637911481709
22.854103152934357
21.938080613392103
22.485740257331248
22.120099902427047
23.25048953058903
21.48612416232789
22.85477909994877
21.315767653405423
21.9110775417507
21.157529861464443
22.29693131010951
21.65815775223473
24.148215239336697
21.197520171838107
22.441955383464474
22.204612651806407
22.433066614788785
21.462667624207715
22.46508788113882
22.211540985274134
22.964540014918576
22.100587786847854
22.35633490235287
22.702788133960556
21.857970452438156
22.473466868875885
21.27578770038286
22.581877121511702
22.179367596206113
22.088045329552475
20.671802982974565
22.1083059032747
21.61462386759075
22.31202262557228
20.833943068514884
21.619644746789806
20.992782740895148
21.391454365512995
21.233260332837016
22.041706540027313
21.652106322944192
22.414996692750513
21.89315710790096
25.419630462207202
21.375527057484895
22.028658450180178
20.80295283945231
22.772398418586054
20.53277944367253
22.65463975995139
21.317710346167058
24.861014916280208
20.2697350305052
22.8072382002745
22.435499806435658
21.887248169191835
20.30839026326253
22.475760638821196
19.04447607872066
21.408629163628312
18.767221771914187
22.585292857713924
19.587946788393054
23.906745894386606
19.28695501368725
23.961841248798176
18.064091150913153
23.550534372515628
18.33728001820524
26.189405523999444
19.814202243865147
28.99970496928213
19.393912402956623
32.9903421930483
18.349502687100024
44.16021209443523
18.198010512844352
48.58069435637261
20.329196593868794
48.68704749451423
18.671981804058408
48.30573161464567
18.100456365066666
48.5605196781724
19.542450628423545
49.358395002556115
19.073004531625358
47.75941982616262
19.486504550864286
47.82675902749543
18.678257895245615
49.2205977207161
18.48617314943216
48.08858852194756
17.923876310024067
47.29952208946106
18.485666891694297
48.29211773360435
19.129837507885547
48.37436518193802
20.925233794536815
46.936607869718465
19.056871634620187
49.48724698928839
18.90312826499046
48.44118274535523
18.354263039490046
48.01586836853557
17.6228631266002
47.41236503152875
18.486888350555937
48.352513882543796
19.53989977480819
47.067424466899055
18.924265466552967
48.95375223906554
18.932488333991795
48.54786001512644
19.302013601612746
46.908666400354214
17.18031635764299
47.02722729901284
19.628886341569228
48.253354029801805
21.335584822057537
46.746094597747295
19.335665340841203
49.00009126211505
20.829409782975414
50.77001811816971
20.89458474294499
50.6235627470279
20.12397711248035
49.52237086912747
20.727859650442962
49.71452929701655
20.055529083608516
49.684739051637926
21.384313232205837
50.38108505056952
20.58007821924042
50.194619900831114
20.472706107735355
50.61031425205905
20.40347847562356
50.0915065118234
22.339624793307323
48.56955673277093
20.80645503152809
50.55219696775524
21.169442789760687
48.93955356731775
19.789960951169263
49.760393691894926
18.476796349345168
48.61227663206616
18.97141620705262
49.32143038420019
21.245993534600412
49.28177230519779
20.738365129187294
48.92818060012409
22.09412226906085
51.80394446856174
22.686796303974482
51.88039782949419
22.43133278904474
52.86909482274805
24.5586117911361
52.9008744497587
22.522208027750878
52.94259465969114
23.57603353367024
53.19412389117051
23.71936517937369
52.363998295710346
22.713430208286937
52.42421608838255
22.775681259829557
52.25779960263533
23.17341002967569
53.36806256366544
25.814966085943503
53.99832100589617
25.52089102134262
55.60755567069142
26.194449513835764
56.248320792854905
25.773352815529332
55.9179607234926
24.88237535968592
55.0601098114928
25.18619540895405
55.29509709031709
24.18689777803237
54.07302552030789
25.189591478628802
54.14455052301998
25.55741070355804
54.991107992523084
24.467950341975676
53.77131946848166
24.843650128755527
52.08798600310222
24.561256142581094
53.76006215548947
23.767358759113172
53.311196613032955
23.62765087451428
54.232268680296706
24.75157013746325
54.644549695707646
26.371694366943427
53.313005327985856
23.917184316068152
54.61356455127296
24.760015341709025
53.74112040520561
25.088082255915456
52.392771304297284
24.8024221412262
54.368880105765996
25.45450458420603
54.39786565251126
25.627599381022684
55.39828446720508
25.22697894468437
53.77297262653621
24.109645724465217
54.21258834519429
23.876057655178567
53.333905283226095
25.08214926891424
54.405959861953185
24.700664733832358
55.012197606351585
27.004064408994587
56.41049604167823
27.072374288366568
55.590004572048116
25.2827678341977
54.49373705376429
25.761380990681996
56.28246680313107
27.993524729063413
55.7942569271102
26.764158763577978
57.32447259273885
26.633906816896666
57.27396570507861
28.304092723252655
57.143822698309926
27.39781711722446
56.8347533310104
26.294565798229947
56.65886409694222
26.730332025365268
56.689480851041935
26.692758314978274
57.31480989513631
27.50275196652757
56.83907284780743
27.403545715012065
56.166867043335
26.880692753149518
56.060318474309675
27.548504137688642
54.354655762673154
26.08886558306566
55.21584726120632
26.273639499380536
55.860577789763504
26.349669650794194
54.20274902316499
26.398520599855917
55.512438908889834
25.380966640861427
55.41481473329261
27.586189289456506
53.8923631023211
24.78120259245181
54.81637931564369
25.211864172878865
55.32202684100694
25.096062408794968
55.313180486950195
25.63830289113204
54.409845086063356
24.77389548615881
54.816149105561976
25.95828570001366
54.095757942623415
25.88051411566153
54.909084012391176
24.222543115773348
54.1995156164215
25.043080159960375
55.0361286019314
26.119103505465212
54.83465330828792
24.91351811543977
54.24647597636817
25.299594303893436
53.84182067749693
25.254356822877966
52.72164723791299
24.14546501836064
53.905830207377264
25.027942044589643
53.46137286816745
23.680350956791287
53.256300890283676
24.378421336566998
52.8844299690653
22.57619816709518
52.36167442834826
22.929242358188528
52.3922524788792
22.226452383542313
52.64549386912674
22.635155850296677
52.06200932465331
22.008715162029844
51.92323561639479
23.635381677980845
50.92535490640231
23.019477108891067
50.248872040299204
22.20193092843896
50.45866922234618
22.600299766680198
50.14515503718282
21.123294402220715
51.28801317867332
21.28091426064107
51.121941012769646
21.07537778478075
50.92953147093971
21.691966422864535
49.75152369827091
20.969088341786005
49.291475316731706
20.849316223569826
49.92260486093686
20.266658557055717
50.03004301595585
20.731513767754496
50.35020965259896
21.754055399664338
50.65230110223016
20.882121557843103
50.897620414945216
21.85620727228868
51.32066934367592
22.210461376465066
49.39164828490981
21.781113810419107
49.3918834166617
20.24008895994933
50.51249904716394
20.374676071397126
48.93538390929003
20.92326017653906
50.319568081396795
21.423142189224787
50.116906035857454
21.361373509563098
50.66700251946236
21.43479428159758
49.059470447083505
19.912891102797072
49.64188065662403
21.45346093937757
50.03339454446513
20.378510403549328
50.64232857430086
20.24201177854238
50.00687275122178
20.542123317098344
49.62682328696207
19.40087720857335
48.862690430986525
19.834499644132087
49.34180384289535
20.471265827806995
47.00557403111458
19.235735055160905
49.03301477886877
20.818552717407886
48.55436155429308
20.415152510061976
50.83099968022468
22.444777905889136
50.626141948125216
22.637838888706916
52.28846823302775
24.125428845632182
51.99498606352517
22.601068406255774
52.33063225894251
22.70232959608204
52.91448781170515
23.573239597131963
52.29196271615017
22.890154828545807
52.15201378795072
22.13591470398438
51.47765409590325
21.543628732574494
51.127948412941564
21.231148252445006
51.26550504302974
22.323860094399723
51.74494184034816
22.574401225861262
52.68267158432589
23.246635537029224
53.66953935948615
24.555738771277753
53.91593900359485
24.36489256973729
53.160992512767855
24.388017998988385
52.69404155240796
24.557092161980048
54.038947851963485
24.3798432466581
54.40321580660024
23.795665439248
53.438783324339255
24.58801368217411
53.886683700628474
24.990062642478794
52.73760366109323
23.901929149991506
53.69965979805121
24.76700269201753
53.81233729164481
25.594030835677476
53.37221489961706
24.242258363205863
52.194209548594
24.345353354404047
51.44864338847034
25.40955837263021
49.52614683240939
21.26252044303715
51.41242373519773
22.90122912697476
49.29509661057269
22.070677523672515
51.79095248984344
21.902142310934966
51.1590111081583
22.362502945815578
52.740346553688106
23.07161924842364
52.33731385110934
23.241272558955018
53.04253820532193
24.0340398128165
52.353190942577314
23.91540757426518
53.58639794003072
26.569063578946427
52.63857461154697
24.89605420687528
53.33684023694877
24.9191659905712
54.52814832832602
25.49318301795215
53.15281111796189
24.760280241127518
53.94519582742492
23.824143267153524
53.09698636382471
24.201982868836083
53.493364611224266
24.203059824427726
53.97173307917288
24.834510194809326
51.700267353187954
24.23988313319687
52.18358236910133
22.475043756145364
51.8870805166094
23.205815936184948
51.77183552583887
22.036315697552162
51.934712243966764
22.769304685148047
52.99304734463787
22.73939432736167
52.64426990271258
23.5215640649169
53.08392996829887
24.768739674365673
52.11656071466974
23.318184757495153
53.64644891384317
23.13905131871809
53.67887987624142
23.428243439927545
53.25905615329767
23.27849620532015
52.719135502975895
24.39592920431295
53.15151222812722
24.70943979726336
53.643585931951826
23.462053839422115
52.958685673856245
24.07038056254884
52.43359295163556
24.16594482938049
52.853466602199035
24.217032762947987
54.41115732282191
26.31543152261005
53.81201690325407
25.166801683417678
54.659180941078716
24.47149836888527
54.24228768509406
24.401735128527783
54.23500008880126
25.950263906185555
54.81361982499696
25.350824749584223
55.448496527752106
25.675756784132002
55.502495234922726
25.646510582667577
55.347240921009075
27.33539733090385
54.51276733538459
25.283081240913138
54.47865423267361
25.31128123409135
55.75490699992072
26.39105995441888
55.709050616527726
26.371638032536246
55.41791361641065
25.91560872688553
55.223179299455346
26.78938008359876
53.64404866347712
24.710874049190917
54.566368793842
26.02640525263236
55.808976570414835
27.446119477582634
55.481885050272844
26.43369805633615
55.769221519455144
25.971556399876317
55.533500959087924
25.257874160358078
54.82870009125961
26.24570067292546
53.34043761142837
27.567594393089113
54.104248515217684
25.711005433185893
56.45402291891268
27.205208971409377
56.919359293458704
27.375906303981267
56.965576459897854
28.553201508649607
57.51087419234029
28.70327300331332
58.405366578904584
28.757131208498432
58.172899437980746
29.239118998218853
57.77289333117321
28.398844177978834
58.04652905131001
28.366825637520808
57.92663217447657
27.495112834252136
56.90437591508603
27.43462231950226
57.07492576002511
28.46341164502426
55.98843248766282
27.803604087149715
56.38680559871978
28.158322157856386
57.74263154370928
29.20233967123405
56.39353581469973
29.710732366302867
53.96842887765758
26.77988198660844
54.688659310140984
26.538816790056753
54.801229953786724
26.274259010591702
55.89554092337624
25.226701742941614
54.76951540414341
24.3371971808498
54.425342491486155
24.161222242684307
53.60277598462123
23.455615907449744
52.8181864816432
23.448672442995107
53.11313003195705
24.66945972417184
53.77946272679069
24.312631553477743
54.0484440736062
25.333966683494598
50.3858171734882
24.1927107272996
52.09910403824493
22.9502415198944
51.09929881545675
22.268461443539213
51.373791958552296
23.675460928840643
51.71649347278192
22.122999842956137
51.70554792618105
21.884404910807046
51.32561225193947
21.81757937816723
49.67801582122566
19.850827074361995
48.38276473716391
19.43793977222129
48.992862833981
19.08303581924784
48.9119099905913
19.8665732701393
48.4487030196487
19.621080051060865
48.51925514995648
19.475570736275202
48.176369388367
20.219150338441814
46.99154064131236
21.582542409270793
48.06621288188937
19.455773394929594
48.521952786647084
20.596873753590046
46.64671538203351
19.2111783668901
49.58163994726106
19.485771009113236
49.51785816117462
20.347037169319997
48.817211041459295
20.58983227867572
48.57654859645978
18.78213142202067
48.75165901905396
19.85811413896962
49.27742127649732
19.69734294967058
47.46644228167473
18.907493190292964
48.51397183219889
19.01362751094008
47.59400742080481
20.070094845651386
47.97722204849265
19.647096125603127
48.333407018182314
20.50998567340418
48.34842715271676
20.031386046219577
47.50878398509731
19.86129507652048
49.05198733180896
20.080889817488607
49.46156557916973
20.238455067068955
50.066001942993275
20.668465649694102
50.242886106152035
20.624688565061124
50.68373308167146
20.428826044458763
49.833867709104695
19.865415125078947
49.15089711083313
18.388396646088427
48.2787929713364
19.099799217775143
48.253478772449625
19.591668270995097
46.47074077861358
17.87580766390814
48.323657175434164
17.807854317358878
47.33550301068875
20.989906719572044
45.71040082743736
19.944307234327816
47.61367456878903
20.363755700941965
49.52645627463009
20.961019418541188
48.35190514446278
20.18977238116532
48.51085216361229
20.80957267106841
48.73060335789954
20.345942366173983
49.43184424821149
19.510049338096692
49.75436357222614
20.173098156886656
50.19840362576813
21.618336827228894
50.05570586264071
20.634219738655442
50.03971613057327
20.902579734091084
51.001947513307485
21.780043339182793
51.065101798952824
21.057965700445525
51.31706074923905
20.288541785086082
50.65424820599622
20.759746694669793
50.94127014652393
21.49353378247401
50.925666545187376
22.3696949733854
51.21679429040417
21.10646922389853
50.48358831384178
20.523708128040067
50.452050261675225
21.16141647338489
48.58907504809394
19.33637694008507
48.816595836817214
18.893246687444275
49.159430786357134
21.2244990003529
51.23678869892691
21.984647823218374
51.5440163162416
23.762194837059706
52.220875353702866
22.353435851175423
52.72292970273117
22.342371890062605
52.139627018380224
23.899925463578047
52.97323404684463
24.82044256727935
53.52931150498429
25.23768650941639
52.74633198534856
23.499894253428067
53.61013222563585
25.725596532923124
54.64771069101118
26.456295578855837
55.16893626354614
25.881057445759478
55.82352819497719
26.05508963839702
55.82741309559998
27.978686621620493
55.00157364509347
26.654149641947477
56.28457197472068
26.36957193841413
54.934212800314945
26.806871016087765
52.34176929044309
24.35806301056311
54.25769595723209
24.215864015329206
54.71683579546395
25.325074195100107
55.15049784962846
26.414357645619987
57.00661805894017
26.995551675670686
57.07160555747465
27.84978110183626
57.273628434828176
27.863077077492857
57.069767401846235
26.673832992321405
56.78270498547954
27.36248846305668
55.90670249345779
26.30281011067144
54.73571381907339
26.289722044400175
55.66483584418787
27.036998553381956
56.67652354103327
27.624640891396187
56.600905387048705
27.456875614812542
56.955216823062145
27.41564594745101
56.635554083567484
27.49246854883182
57.65084145402603
28.091265203886834
57.734186450901916
30.63101350380198
56.92718317523213
28.400833648224953
58.27151102564101
28.381785886011553
57.44918870307699
27.883213498014126
58.12782462860329
30.236089186183833
58.52190663349765
29.55708838604188
56.88668443301972
27.11373040456508
57.583184879349375
28.219891767704098
57.00160351058345
27.374900375358155
56.31201821453654
27.393486485719304
55.59042213457327
28.499726009932473
55.05493199155525
26.681962890155813
56.57964311801516
27.309984491309326
56.80118684862885
26.160650456152773
55.85756271151796
28.008808553687487
56.04143252451305
28.41932537281942
56.09381805976088
27.902513099957954
57.07519540961967
27.057084339030226
56.70760719484179
29.414225724738728
52.9985738315151
26.682591040773502
55.687665629362584
26.806540392164276
54.59515426246441
26.098493106732
56.06660158967507
26.10904967112086
55.9814517740219
25.870076516552732
55.71113022112044
26.18935135262098
55.41136124688618
26.54571960020425
54.30186578321466
25.65802054178609
54.005242726495325
25.25291187832193
55.36646697254196
26.237250995142777
54.86340128279226
24.674130723961213
54.52399599555331
25.874811169977022
54.80330412779114
26.18029047448113
54.65666141915764
25.52173444202412
53.04895059328417
24.64058533274352
54.724223842768026
24.68100806860888
54.751662939205524
23.409026764426986
53.62374646375893
24.28913103468843
53.18698468162134
23.945318961059783
53.32215023856973
25.489028176991916
55.009033561973595
26.289199796789404
54.99811180404245
26.12718733262581
55.789938549875856
26.194111206756386
55.45284438496221
27.90588393521973
55.94136315944609
26.57257402369703
56.09794775786132
26.422820302374006
55.36808261177089
24.381973744798945
54.28951330391806
25.244144645481104
54.43503250304211
25.112120037474003
54.43936513887915
25.152758588281188
55.395422135956295
26.427647307187463
